14 0 0 31
69 0 0 37
73 0 0 18
9 0 0 48
45 0 0 50
49 0 0 43
70 0 0 95
74 0 0 95
47 0 0 44
36 0 0 84
53 0 0 1
44 0 0 9
61 0 0 10
7 0 0 83
53 0 0 23
47 0 0 79
54 0 0 76
19 0 0 58
23 0 0 69
7 0 0 84
91 0 0 7
86 0 0 66
70 0 0 51
66 0 0 24
12 0 0 78
26 0 0 73
99 0 0 32
11 0 0 70
64 0 0 24
39 0 0 6
10 0 0 39
32 0 0 46
96 0 0 44
84 0 0 93
55 0 0 73
69 0 0 22
81 0 0 51
25 0 0 73
99 0 0 97
41 0 0 31
28 0 0 32
11 0 0 28
26 0 0 88
27 0 0 88
0 0 0 95
91 0 0 2
86 0 0 77
26 0 0 30
98 0 0 51
51 0 0 62
95 0 0 97
59 0 0 82
56 0 0 42
36 0 0 38
50 0 0 60
83 0 0 81
81 0 0 70
34 0 0 22
35 0 0 12
56 0 0 40
81 0 0 74
17 0 0 13
83 0 0 40
83 1 7 0
42 0 0 80
92 0 0 32
83 0 0 29
74 0 0 81
74 1 9 0
75 0 0 79
17 0 0 88
96 0 0 56
98 0 0 96
1 0 0 83
29 0 0 72
97 0 0 72
66 0 0 22
33 0 0 80
92 0 0 71
10 0 0 72
23 0 0 93
57 0 0 1
67 0 0 50
90 0 0 51
12 0 0 58
84 0 0 62
92 0 0 37
96 0 0 73
19 0 0 52
8 0 0 31
79 0 0 29
5 0 0 0
65 0 0 75
83 0 0 33
25 0 0 52
17 0 0 9
45 0 0 15
97 0 0 27
18 0 0 27
51 0 0 55
