-650963329 -736297895 -2947619399 -2572938084 -2282416153 -546903430 
53048233 -1958636947 -3143107885 -2554270596 -454221308 -588476713 
1140755845 625804946 -1432248172 -2377185813 139481026 -3372615823 
-2205513974 -927909287 -2511936642 -2295357104 -3269377564 -2122596902 
842497357 542661434 -2299694900 -1523126791 121711005 -1332270887 
-1146460363 -1091973418 -570888823 -1602251525 -1198524036 -2390182067 
-1503270585 991809328 -1312226310 -1818063795 -436876363 -3680440696 
-114837526 -1681968384 -1853545250 -3218539695 425147633 -2422599731 
965014639 -938189284 -2487140341 -1817762426 1222660418 -2078578649 
1874671556 -950318324 -1092937241 -1968471035 -1682692715 -899983559 
