1133660303 1365471850 4 0 1627033886 0
1609801719 353115395 0 0 -855205636 0
1418004421 1770286157 3 0 -551227359 0
1219476966 971105071 4 0 -1711340734 0
654305486 1259711237 2 0 1190401024 0
1828195816 1681723057 0 1 0 -938962918
761457308 274778267 2 0 2140067723 0
512874072 899204702 4 0 -508756718 0
1926875136 1610309674 1 0 -1567309643 0
1652346633 242957919 1 0 -838639804 0
45589011 1591294650 2 0 -1105886809 0
1375757702 10599138 1 0 58753426 0
1552283627 1685107494 1 1 0 -464020515
68915510 482713545 4 0 281194628 0
2062305023 1905727897 0 0 -462512150 0
1469233064 1229551209 3 0 -165081206 0
308564538 929066549 3 0 1474234836 0
2021334271 1062673414 4 1 0 -478767111
1014230967 1442865040 3 0 1783464607 0
157169290 694514917 2 1 0 -2016699710
219911708 1926040753 1 0 2101767135 0
1828195816 1210739263 0 0 -1518007728 0
1418004421 1770286157 3 0 -551227359 0
1456366113 880915293 1 0 -1985890559 0
68915510 482713545 4 0 281194628 0
173882492 1425307014 3 0 188312411 0
173882492 1425307014 3 0 188312411 0
1104570609 473342303 1 0 204140011 0
1124322325 396406747 0 0 748894468 0
2063082929 301850298 0 0 -1791199889 0
948426589 1709917256 0 0 -1859887746 0
1068829779 1354751476 3 1 0 1367437196
283313385 1007079962 0 0 -651952196 0
1469233064 1229551209 3 0 -165081206 0
873826269 1512347052 0 0 843965672 0
1434813184 668348950 1 0 -237748491 0
1086032868 495742948 4 0 -701515315 0
1128387399 67762707 2 0 -874094659 0
68915510 482713545 4 0 281194628 0
1828195816 1210739263 0 0 -1518007728 0
1094953025 32919679 3 0 -1023410868 0
1004201927 316470047 1 0 -1594251192 0
1648542052 1751589683 0 0 1363920825 0
1086032868 495742948 4 0 -701515315 0
1434813184 668348950 1 0 -237748491 0
1124322325 396406747 0 0 748894468 0
219911708 1926040753 1 0 2101767135 0
1200886305 1973108463 1 0 108501332 0
1139604568 241703124 3 0 -593042138 0
2021334271 169083808 4 0 747792649 0
2062169222 251634672 0 0 -830963858 0
45589011 1591294650 2 0 -1105886809 0
308564538 929066549 3 0 1474234836 0
1925753178 1734761267 4 0 1136708006 0
1648542052 1751589683 0 0 1363920825 0
657330283 1450234357 4 0 -247960040 0
1456366113 880915293 1 0 -1985890559 0
2062169222 251634672 0 0 -830963858 0
654305486 1259711237 2 0 1190401024 0
984870810 142767125 3 0 1077382450 0
1613385212 2068805372 3 0 1734831016 0
1200886305 1973108463 1 0 108501332 0
654305486 1259711237 2 0 1190401024 0
1202057416 255664095 1 0 1116084438 0
308564538 929066549 3 0 1474234836 0
45589011 1591294650 2 0 -1105886809 0
68915510 482713545 4 0 281194628 0
1566292119 1203852850 3 0 -1894512622 0
1539433306 1280395698 4 0 635592378 0
405284303 1992429462 4 0 1282836627 0
1758224845 579915900 4 0 -192149485 0
512874072 899204702 4 0 -508756718 0
761457308 274778267 2 0 2140067723 0
1139604568 241703124 3 0 -593042138 0
1966384903 120666793 0 0 -1122536891 0
1979345451 1102378151 1 0 1263052602 0
1735901338 1030514091 1 0 81015611 0
1648542052 1751589683 0 0 1363920825 0
336380183 933878324 4 0 1168682392 0
1926875136 1610309674 1 0 -1567309643 0
311398467 1569635134 3 1 0 -1351182268
718596706 966835824 0 0 -1709474014 0
1745853655 35384941 4 0 461159627 0
405284303 1992429462 4 0 1282836627 0
208999359 257533881 0 0 1695914213 0
1086032868 495742948 4 0 -701515315 0
68915510 482713545 4 0 281194628 0
1979345451 1102378151 1 0 1263052602 0
1966384903 120666793 0 0 -1122536891 0
1294169221 439236387 1 0 1958131548 0
226468983 2016483516 3 0 885880728 0
45589011 1591294650 2 0 -1105886809 0
1159101382 635079952 2 0 -510415787 0
1094953025 32919679 3 0 -1023410868 0
1731230166 169439092 2 0 1695836956 0
68915510 482713545 4 0 281194628 0
1648542052 1751589683 0 0 1363920825 0
1200886305 1973108463 1 0 108501332 0
308564538 929066549 3 0 1474234836 0
1159101382 635079952 2 0 -510415787 0
