38 0 0 98
33 0 0 63
32 0 0 56
92 0 0 48
97 0 0 79
4 0 0 76
27 0 0 48
8 0 0 79
11 0 0 91
8 0 0 96
68 0 0 62
24 0 0 66
60 0 0 14
79 0 0 68
41 0 0 99
90 0 0 21
42 0 0 52
51 0 0 62
40 0 0 89
79 0 0 26
23 0 0 82
42 0 0 51
84 0 0 94
38 0 0 51
41 0 0 54
72 0 0 16
43 0 0 77
32 0 0 8
36 0 0 34
2 0 0 12
61 0 0 16
21 0 0 38
19 0 0 18
7 0 0 34
35 0 0 14
35 1 5 0
12 0 0 69
90 0 0 27
40 0 0 29
56 0 0 84
16 0 0 10
27 0 0 0
93 0 0 53
11 0 0 68
18 0 0 34
22 0 0 12
92 0 0 30
0 0 0 36
64 0 0 72
46 0 0 8
67 0 0 57
10 0 0 43
69 0 0 32
22 0 0 55
74 0 0 42
88 0 0 39
53 0 0 2
46 0 0 39
98 0 0 99
14 0 0 83
39 0 0 66
71 0 0 93
93 0 0 44
11 0 0 30
37 0 0 45
59 0 0 8
49 0 0 45
40 0 0 4
79 0 0 62
6 0 0 7
0 0 0 47
96 0 0 52
1 0 0 80
1 1 1 0
52 0 0 78
81 0 0 26
66 0 0 65
98 0 0 22
95 0 0 7
16 0 0 40
74 0 0 78
38 0 0 99
70 0 0 91
62 0 0 10
73 0 0 91
42 0 0 52
41 0 0 99
73 0 0 5
28 0 0 9
97 0 0 38
63 0 0 28
16 0 0 84
31 0 0 99
92 0 0 61
56 0 0 98
40 0 0 81
67 0 0 38
27 0 0 67
87 0 0 49
28 0 0 49
21 0 0 13
21 1 5 0
80 0 0 71
9 0 0 50
7 0 0 59
66 0 0 11
3 0 0 53
89 0 0 39
11 0 0 27
66 0 0 0
48 0 0 2
64 0 0 19
68 0 0 4
83 0 0 40
6 0 0 95
93 0 0 75
70 0 0 21
42 0 0 82
92 0 0 65
89 0 0 80
27 0 0 44
56 0 0 97
2 0 0 46
35 0 0 25
29 0 0 91
77 0 0 48
16 0 0 26
94 0 0 79
40 0 0 84
99 0 0 30
50 0 0 9
55 0 0 18
21 0 0 66
66 0 0 91
65 0 0 70
17 0 0 16
81 0 0 89
92 0 0 17
19 0 0 84
27 0 0 1
25 0 0 1
80 0 0 67
34 0 0 93
61 0 0 42
59 0 0 79
32 0 0 68
51 0 0 10
55 0 0 40
49 0 0 33
49 1 7 0
89 0 0 62
16 0 0 27
13 0 0 90
81 0 0 40
81 0 0 33
88 0 0 26
33 0 0 91
13 0 0 52
34 0 0 41
84 0 0 98
99 0 0 32
99 0 0 50
92 0 0 82
29 0 0 19
29 1 5 0
58 0 0 40
86 0 0 93
30 0 0 24
79 0 0 86
84 0 0 52
85 0 0 3
67 0 0 32
68 0 0 58
51 0 0 8
68 0 0 67
82 0 0 41
5 0 0 62
93 0 0 88
93 1 7 0
11 0 0 13
21 0 0 43
81 0 0 36
72 0 0 83
17 0 0 65
11 0 0 71
94 0 0 0
51 0 0 27
61 0 0 88
73 0 0 43
18 0 0 60
48 0 0 4
6 0 0 37
75 0 0 24
20 0 0 71
48 0 0 25
82 0 0 46
16 0 0 6
16 1 7 0
29 0 0 24
48 0 0 22
89 0 0 59
29 0 0 17
64 0 0 99
15 0 0 61
40 0 0 61
1 0 0 90
56 0 0 21
33 0 0 36
33 1 6 0
60 0 0 66
42 0 0 83
76 0 0 83
5 0 0 52
32 0 0 48
30 0 0 96
14 0 0 64
45 0 0 12
74 0 0 54
39 0 0 33
2 0 0 48
63 0 0 88
12 0 0 21
86 0 0 65
47 0 0 28
79 0 0 57
60 0 0 17
1 0 0 1
1 1 2 0
42 0 0 74
80 0 0 12
7 0 0 85
69 0 0 87
67 0 0 34
90 0 0 73
38 0 0 9
72 0 0 1
70 0 0 35
0 0 0 65
99 0 0 98
74 0 0 95
74 1 1 0
70 0 0 89
12 0 0 4
10 0 0 29
38 0 0 13
20 0 0 47
3 0 0 26
82 0 0 63
91 0 0 25
24 0 0 19
65 0 0 65
86 0 0 45
86 1 7 0
18 0 0 97
72 0 0 2
72 0 0 24
48 0 0 30
61 0 0 87
3 0 0 43
11 0 0 16
40 0 0 28
92 0 0 15
33 0 0 95
37 0 0 58
55 0 0 45
48 0 0 39
1 0 0 72
86 0 0 27
25 0 0 7
23 0 0 52
85 0 0 14
93 0 0 90
4 0 0 70
59 0 0 20
54 0 0 64
58 0 0 79
60 0 0 95
61 0 0 43
86 0 0 53
65 0 0 50
94 0 0 88
79 0 0 38
65 0 0 73
30 0 0 67
73 0 0 45
72 0 0 50
79 0 0 55
64 0 0 11
95 0 0 91
25 0 0 7
71 0 0 65
84 0 0 25
71 0 0 8
42 0 0 2
89 0 0 67
37 0 0 34
28 0 0 46
85 0 0 66
86 0 0 10
62 0 0 99
19 0 0 97
15 0 0 31
53 0 0 84
36 0 0 65
94 0 0 4
77 0 0 52
23 0 0 83
20 0 0 44
35 0 0 63
34 0 0 7
11 0 0 48
17 0 0 30
41 0 0 36
64 0 0 47
79 0 0 26
32 0 0 74
32 1 9 0
24 0 0 82
90 0 0 80
60 0 0 34
43 0 0 91
45 0 0 13
92 0 0 94
68 0 0 33
54 0 0 3
38 0 0 68
95 0 0 64
66 0 0 6
81 0 0 94
6 0 0 73
6 1 7 0
42 0 0 39
4 0 0 85
97 0 0 11
12 0 0 41
60 0 0 31
23 0 0 93
86 0 0 73
79 0 0 31
63 0 0 96
49 0 0 63
84 0 0 65
74 0 0 26
83 0 0 55
21 0 0 50
71 0 0 24
23 0 0 61
23 1 1 0
57 0 0 82
75 0 0 26
85 0 0 21
68 0 0 79
84 0 0 26
43 0 0 52
83 0 0 64
99 0 0 89
79 0 0 85
4 0 0 7
26 0 0 90
75 0 0 0
83 0 0 7
97 0 0 10
79 0 0 97
62 0 0 55
12 0 0 24
18 0 0 51
19 0 0 70
47 0 0 47
52 0 0 66
43 0 0 45
75 0 0 48
69 0 0 31
51 0 0 48
77 0 0 43
2 0 0 75
84 0 0 75
18 0 0 23
10 0 0 74
39 0 0 49
40 0 0 95
44 0 0 25
50 0 0 16
25 0 0 34
9 0 0 43
7 0 0 51
47 0 0 54
47 1 5 0
27 0 0 54
95 0 0 70
31 0 0 52
30 0 0 36
66 0 0 3
39 0 0 58
93 0 0 95
16 0 0 59
96 0 0 52
69 0 0 37
11 0 0 3
11 1 1 0
80 0 0 71
80 1 9 0
12 0 0 35
91 0 0 60
34 0 0 27
89 0 0 3
40 0 0 19
96 0 0 51
86 0 0 67
82 0 0 29
60 0 0 91
35 0 0 83
69 0 0 4
12 0 0 88
53 0 0 86
65 0 0 87
60 0 0 90
53 0 0 40
17 0 0 40
33 0 0 65
47 0 0 86
0 0 0 83
69 0 0 51
83 0 0 53
83 0 0 15
39 0 0 53
2 0 0 40
1 0 0 71
57 0 0 47
39 0 0 58
10 0 0 65
83 0 0 28
30 0 0 76
42 0 0 50
22 0 0 5
39 0 0 40
80 0 0 95
36 0 0 25
90 0 0 49
49 0 0 79
60 0 0 82
64 0 0 52
73 0 0 62
88 0 0 45
18 0 0 7
58 0 0 64
95 0 0 77
74 0 0 16
31 0 0 49
32 0 0 18
70 0 0 42
47 0 0 2
93 0 0 40
69 0 0 5
53 0 0 69
23 0 0 0
58 0 0 22
59 0 0 76
7 0 0 79
43 0 0 3
83 0 0 67
78 0 0 47
55 0 0 84
98 0 0 86
11 0 0 94
31 0 0 70
61 0 0 63
34 0 0 49
56 0 0 33
22 0 0 0
18 0 0 62
59 0 0 96
62 0 0 84
16 0 0 83
38 0 0 77
98 0 0 79
28 0 0 12
69 0 0 61
43 0 0 27
27 0 0 94
81 0 0 78
53 0 0 42
29 0 0 3
36 0 0 5
43 0 0 59
91 0 0 70
97 0 0 5
35 0 0 62
35 1 5 0
99 0 0 11
11 0 0 82
11 1 1 0
68 0 0 0
82 0 0 16
32 0 0 3
63 0 0 50
95 0 0 86
40 0 0 80
76 0 0 72
53 0 0 57
92 0 0 74
15 0 0 55
74 0 0 27
88 0 0 17
88 1 2 0
34 0 0 94
29 0 0 35
20 0 0 52
27 0 0 3
67 0 0 86
20 0 0 93
79 0 0 93
88 0 0 70
19 0 0 90
66 0 0 33
29 0 0 95
35 0 0 1
98 0 0 67
92 0 0 52
55 0 0 0
84 0 0 10
9 0 0 95
47 0 0 16
67 0 0 15
67 1 2 0
75 0 0 96
35 0 0 15
21 0 0 7
91 0 0 93
68 0 0 7
73 0 0 26
43 0 0 27
29 0 0 32
43 0 0 28
17 0 0 87
7 0 0 93
28 0 0 17
66 0 0 93
46 0 0 86
98 0 0 45
96 0 0 61
48 0 0 59
20 0 0 80
80 0 0 77
93 0 0 88
75 0 0 24
7 0 0 67
31 0 0 34
45 0 0 59
12 0 0 96
72 0 0 81
58 0 0 72
82 0 0 77
7 0 0 35
94 0 0 66
6 0 0 79
13 0 0 95
41 0 0 19
19 0 0 65
24 0 0 6
78 0 0 56
34 0 0 26
58 0 0 73
22 0 0 66
28 0 0 80
16 0 0 83
39 0 0 85
19 0 0 15
17 0 0 96
74 0 0 82
9 0 0 13
41 0 0 59
28 0 0 22
50 0 0 33
31 0 0 21
97 0 0 55
47 0 0 50
13 0 0 89
68 0 0 23
51 0 0 48
40 0 0 49
1 0 0 46
53 0 0 2
85 0 0 79
3 0 0 88
70 0 0 68
70 1 2 0
79 0 0 43
25 0 0 29
45 0 0 2
78 0 0 52
77 0 0 47
15 0 0 64
22 0 0 40
1 0 0 34
16 0 0 10
79 0 0 2
51 0 0 42
4 0 0 49
59 0 0 85
56 0 0 75
88 0 0 79
36 0 0 86
71 0 0 3
85 0 0 11
42 0 0 93
36 0 0 10
51 0 0 76
63 0 0 90
34 0 0 50
4 0 0 82
93 0 0 41
99 0 0 79
31 0 0 17
83 0 0 85
49 0 0 86
22 0 0 7
24 0 0 11
38 0 0 12
47 0 0 71
78 0 0 11
39 0 0 74
80 0 0 34
45 0 0 99
1 0 0 74
88 0 0 76
10 0 0 41
35 0 0 1
35 1 6 0
50 0 0 96
29 0 0 19
91 0 0 10
71 0 0 8
48 0 0 67
78 0 0 74
32 0 0 38
75 0 0 64
56 0 0 58
70 0 0 81
45 0 0 18
41 0 0 26
80 0 0 86
62 0 0 33
61 0 0 41
95 0 0 80
43 0 0 62
73 0 0 84
52 0 0 60
37 0 0 80
72 0 0 76
28 0 0 30
62 0 0 99
40 0 0 62
75 0 0 31
23 0 0 36
70 0 0 7
95 0 0 78
96 0 0 73
45 0 0 42
80 0 0 85
56 0 0 65
41 0 0 96
0 0 0 65
35 0 0 78
40 0 0 41
96 0 0 82
76 0 0 43
15 0 0 15
22 0 0 89
3 0 0 79
58 0 0 94
83 0 0 25
23 0 0 27
52 0 0 55
32 0 0 13
81 0 0 3
47 0 0 49
89 0 0 90
8 0 0 65
69 0 0 97
78 0 0 89
60 0 0 36
55 0 0 21
3 0 0 37
34 0 0 68
93 0 0 25
20 0 0 5
81 0 0 39
78 0 0 83
77 0 0 74
30 0 0 24
69 0 0 97
65 0 0 86
54 0 0 89
30 0 0 25
10 0 0 41
45 0 0 79
60 0 0 4
10 0 0 15
1 0 0 97
82 0 0 62
51 0 0 29
72 0 0 34
55 0 0 58
94 0 0 66
5 0 0 14
87 0 0 91
73 0 0 76
96 0 0 87
4 0 0 41
5 0 0 56
55 0 0 18
42 0 0 85
91 0 0 82
76 0 0 32
0 0 0 33
31 0 0 31
9 0 0 62
70 0 0 14
36 0 0 3
69 0 0 56
51 0 0 98
81 0 0 5
12 0 0 83
84 0 0 78
21 0 0 65
12 0 0 81
30 0 0 4
41 0 0 44
97 0 0 72
34 0 0 49
29 0 0 15
43 0 0 58
27 0 0 48
97 0 0 48
7 0 0 85
84 0 0 20
45 0 0 71
97 0 0 86
42 0 0 62
16 0 0 5
93 0 0 99
95 0 0 12
58 0 0 28
42 0 0 82
18 0 0 45
37 0 0 16
49 0 0 52
23 0 0 95
56 0 0 97
93 0 0 43
30 0 0 80
97 0 0 90
80 0 0 27
62 0 0 93
31 0 0 75
49 0 0 31
61 0 0 9
26 0 0 48
69 0 0 57
25 0 0 16
40 0 0 84
70 0 0 66
58 0 0 70
73 0 0 81
28 0 0 90
40 0 0 84
73 0 0 98
45 0 0 94
53 0 0 47
68 0 0 6
48 0 0 84
48 1 4 0
29 0 0 41
83 0 0 12
93 0 0 44
76 0 0 98
76 1 8 0
48 0 0 94
57 0 0 24
39 0 0 10
43 0 0 31
89 0 0 90
4 0 0 51
32 0 0 33
68 0 0 25
63 0 0 75
0 0 0 97
16 0 0 51
92 0 0 86
22 0 0 77
32 0 0 67
20 0 0 44
80 0 0 59
46 0 0 28
65 0 0 47
25 0 0 62
34 0 0 50
72 0 0 64
79 0 0 49
41 0 0 99
10 0 0 55
73 0 0 9
0 0 0 18
67 0 0 38
84 0 0 32
84 1 8 0
38 0 0 56
38 0 0 21
84 0 0 73
66 0 0 70
72 0 0 48
74 0 0 86
59 0 0 89
23 0 0 61
70 0 0 15
46 0 0 6
9 0 0 95
73 0 0 29
44 0 0 0
89 0 0 71
79 0 0 60
21 0 0 91
94 0 0 50
98 0 0 30
57 0 0 50
33 0 0 71
16 0 0 83
71 0 0 47
22 0 0 25
37 0 0 33
9 0 0 24
57 0 0 84
31 0 0 4
56 0 0 24
35 0 0 80
61 0 0 47
76 0 0 14
30 0 0 44
58 0 0 81
77 0 0 42
14 0 0 65
81 0 0 34
66 0 0 88
7 0 0 65
42 0 0 52
31 0 0 14
4 0 0 27
4 1 6 0
14 0 0 30
18 0 0 50
20 0 0 15
14 0 0 58
41 0 0 98
62 0 0 14
29 0 0 29
70 0 0 32
84 0 0 97
32 0 0 74
0 0 0 80
96 0 0 56
57 0 0 20
92 0 0 30
36 0 0 10
36 0 0 31
7 0 0 76
34 0 0 81
48 0 0 34
70 0 0 23
15 0 0 43
26 0 0 20
12 0 0 21
27 0 0 14
36 0 0 26
81 0 0 54
99 0 0 71
17 0 0 2
23 0 0 28
84 0 0 54
48 0 0 30
73 0 0 89
45 0 0 92
94 0 0 11
72 0 0 29
19 0 0 59
52 0 0 94
44 0 0 4
21 0 0 81
41 0 0 72
5 0 0 98
61 0 0 0
30 0 0 13
3 0 0 45
63 0 0 82
4 0 0 37
88 0 0 65
43 0 0 6
21 0 0 22
88 0 0 18
21 0 0 41
1 0 0 52
83 0 0 51
94 0 0 43
25 0 0 95
25 1 4 0
58 0 0 20
11 0 0 49
55 0 0 46
14 0 0 79
74 0 0 22
74 1 3 0
68 0 0 11
15 0 0 62
68 0 0 41
72 0 0 49
69 0 0 55
86 0 0 66
76 0 0 60
88 0 0 0
94 0 0 81
88 0 0 22
65 0 0 9
89 0 0 37
7 0 0 1
43 0 0 50
53 0 0 26
16 0 0 25
37 0 0 84
58 0 0 10
63 0 0 99
15 0 0 66
20 0 0 54
35 0 0 86
93 0 0 51
13 0 0 46
42 0 0 75
45 0 0 61
96 0 0 23
38 0 0 81
70 0 0 50
40 0 0 25
40 1 6 0
94 0 0 71
12 0 0 26
76 0 0 41
98 0 0 59
53 0 0 86
32 0 0 76
6 0 0 69
79 0 0 18
86 0 0 59
52 0 0 5
93 0 0 42
73 0 0 63
27 0 0 72
59 0 0 68
48 0 0 86
31 0 0 95
23 0 0 1
0 0 0 29
44 0 0 67
57 0 0 77
44 0 0 50
58 0 0 6
22 0 0 53
69 0 0 79
25 0 0 65
42 0 0 32
37 0 0 42
94 0 0 22
62 0 0 77
73 0 0 58
52 0 0 52
66 0 0 79
29 0 0 68
5 0 0 37
5 1 2 0
38 0 0 83
57 0 0 98
65 0 0 61
14 0 0 42
39 0 0 20
50 0 0 13
77 0 0 62
94 0 0 35
78 0 0 10
70 0 0 16
50 0 0 47
62 0 0 23
84 0 0 22
5 0 0 81
20 0 0 62
99 0 0 30
57 0 0 9
56 0 0 83
34 0 0 8
49 0 0 47
60 0 0 88
16 0 0 6
17 0 0 40
2 0 0 21
