1976408801 772789241 1654835129 934311993 1609329891 61737459 
1699805415 1811801439 2090988487 1718226240 256011850 229163297 
991777511 1311638289 550605838 554950462 1550370737 2026177459 
1895209779 1044237748 511740288 1467129990 2070715799 233760465 
425746922 419679088 1873815717 629508419 588961747 63437678 
469564360 880815894 133458537 25012237 576818808 1464431404 
1908130638 136932395 950979339 1176651798 1534942316 1938054536 
1426635493 1962525882 1807292632 1493139696 1264814681 2019370815 
2127124621 1217055494 1816848927 719915388 99450 744559918 
37578273 653396967 384172903 350363413 73182763 571805658 
