1344386651 287703762 1292784273 1638626091 1835896850 485165971 
2084436433 164748797 1052119400 836044356 2090224680 359313416 
2120674611 185176504 881642334 1822235351 133963801 1346438364 
1943455732 489908617 2000196354 828227114 1954273162 1888836437 
889807586 305067150 425879183 893618372 1110470023 1268833209 
1706146234 467232717 437430288 1577239288 1112956862 925750663 
1623960697 833687951 361246971 641411997 872160685 1742386160 
1578281832 845637514 46252622 1725399999 138223951 403228916 
1031029587 690292035 670291417 1097847038 842815373 1334018731 
1074601 1637292940 708764338 1618107622 1662336078 328177901 
